200000     5e-006
  38   0.026011
  82   0.012188
 326    0.00306
 117   0.008539
 109   0.009096
  28   0.035267
  30   0.032747
  30   0.033201
  29   0.033347
  28   0.035489
  22    0.04508
  15   0.065409
  30   0.032946
  15   0.065319
  33     0.0298
  36     0.0277
  44     0.0227
  45   0.021891
  48   0.020819
  57   0.017486
  70   0.014264
  90   0.011057
 119   0.008398
 229   0.004354
 324   0.003085
 364   0.002742
 578   0.001729
 345   0.002898
 235   0.004241
 546   0.001829
 547   0.001827
 567   0.001763
 563   0.001774
 491   0.002034
 645   0.001548
 597   0.001675
 392   0.002546
 591   0.001692
 489   0.002044
 364   0.002745
 245   0.004074
 259   0.003853
 214   0.004657
 189   0.005286
 195    0.00512
 165   0.006031
 172   0.005798
 150   0.006654
 135    0.00737
 132   0.007522
 146   0.006843
 110   0.009021
 120   0.008329
 113   0.008789
 107   0.009272
 111   0.008981
 111    0.00898
  97   0.010285
 102   0.009799
  94   0.010626
  91   0.010923
  87   0.011491
  88   0.011281
  81   0.012331
  83   0.011929
  84   0.011862
  74   0.013414
  74   0.013432
  73   0.013654
  70    0.01426
  69   0.014432
  68   0.014693
  60   0.016482
  66    0.01498
  62   0.016094
  61   0.016234
  61   0.016251
  56   0.017811
  55   0.018145
  63   0.015645
  58   0.017105
  54   0.018498
  55   0.017984
  54    0.01844
  57   0.017431
  49   0.020207
  49   0.020008
  51    0.01936
  50   0.019861
  49   0.020308
  49   0.020349
  46   0.021538
  46   0.021673
  47   0.021266
  43   0.022798
  44   0.022441
  46   0.021732
  21     0.0468
  43   0.023112
  40   0.024805
  41   0.024274
  41   0.024166
  40    0.02494
  39   0.025192
  39   0.025541
  38    0.02631
  36   0.027468
  37   0.026363
  36   0.027354
  36   0.027622
  18   0.054761
  35   0.027879
  34   0.028702
  34   0.029182
  34    0.02912
  33   0.029578
  32   0.030805
  31    0.03143
  16   0.061716
  31   0.031264
  15   0.064494
  32   0.031024
  30    0.03227
  29   0.033559
  15    0.06617
  22    0.04363
  30   0.032894
  29   0.034228
  29   0.034002
  29   0.034099
  27   0.036313
  28   0.035264
  33   0.029938
  29   0.034022
  21   0.046595
  29   0.033484
  15   0.066633
  29   0.033554
  30   0.033326
  30    0.03293
  29   0.033604
  28   0.035078
  29   0.034402
  21   0.045588
  29   0.033736
  30   0.033139
  29   0.033474
  15   0.066496
  33   0.029577
  36   0.027145
  43    0.02325
  46   0.021386
  56   0.017594
  69   0.014341
  99   0.010009
 136   0.007336
 273   0.003652
 552   0.001811
 371   0.002695
 555     0.0018
 598   0.001671
 363   0.002754
 586   0.001704
 495   0.002017
 547   0.001825
 609   0.001641
 414   0.002413
 644   0.001551
 393   0.002543
 208   0.004787
 307   0.003251
 163   0.006133
 149   0.006708
 234   0.004264
 124   0.008042
 186   0.005362
 149   0.006676
 142    0.00704
 146   0.006819
 129   0.007723
 104   0.009599
 137   0.007289
 118   0.008413
 107   0.009315
 111   0.008955
 115   0.008673
  95   0.010459
  98   0.010118
  96   0.010367
  89   0.011196
  85   0.011691
  89   0.011138
  84   0.011828
  76   0.012993
  82    0.01215
  76   0.013053
  73   0.013539
  77   0.012956
  69   0.014489
  68   0.014571
  69    0.01437
  60   0.016433
  65   0.015338
  68   0.014572
  61   0.016202
  62    0.01601
  59   0.016682
  58   0.017043
  57   0.017511
  57    0.01731
  58   0.017102
  53   0.018588
  53   0.018764
  54   0.018356
  48   0.020457
  51   0.019432
  51   0.019288
  50   0.019993
  48   0.020479
  50   0.019894
  45   0.022153
  48   0.020729
  45   0.021912
  46    0.02158
  44   0.022366
  42   0.023751
  41   0.023899
  42   0.023773
  41    0.02381
  40   0.024486
  41   0.024183
  39   0.025377
  40    0.02488
  39   0.025068
  38   0.025943
  36   0.027262
  35    0.02808
  35   0.027887
  35   0.028039
  35   0.028478
  35   0.027786
  34   0.028716
  33   0.029957
  33    0.02993
  16   0.060936
  33   0.029877
  32   0.030622
  29   0.033799
  34   0.029012
  31   0.032238
  30     0.0328
  30   0.032413
  10   0.098564
  29   0.033482
   6   0.164614
  30   0.032653
  22   0.045022
  55   0.018176
 148   0.006723
  57   0.017542
  72   0.013705
  85   0.011673
 143   0.006986
 230   0.004334
 255    0.00392
 374   0.002668
 345   0.002895
 273   0.003661
 249   0.004008
 329   0.003036
 451   0.002215
 636    0.00157
 536   0.001864
 711   0.001406
 508   0.001966
 442    0.00226
 260   0.003842
 139   0.007166
 282   0.003538
 212   0.004712
 166   0.006006
 167   0.005953
 142   0.007042
 163    0.00612
 145   0.006863
  20   0.048398
  95   0.010433
 559   0.001788
 674   0.001482
 319   0.003132
 588     0.0017
 141   0.007043
 112   0.008874
  97   0.010271
  96   0.010325
  97   0.010273
  92   0.010853
  92   0.010807
  84   0.011894
  82   0.012174
  77   0.012838
  81   0.012312
  84    0.01182
  72   0.013707
  71   0.013929
  72   0.013811
  71   0.014025
  71   0.014079
  71   0.014015
  63   0.015871
  66   0.014958
  66   0.015134
  62   0.015955
  60   0.016655
  63   0.015731
  57   0.017486
  57   0.017266
  56   0.017611
  55   0.017893
  48   0.020431
  54    0.01826
  52   0.019161
  52   0.019024
  51   0.019473
  49   0.020337
  49   0.020112
  45   0.022021
  47   0.021269
  46   0.021407
  44   0.022591
  44   0.022542
  42   0.023695
  41   0.024264
  39   0.025504
  43   0.023049
  40   0.024948
  41   0.024078
  41   0.023999
  39   0.025276
  39   0.025122
  38   0.026274
  37   0.026496
  33   0.029645
  36   0.027141
  36   0.027269
  36   0.027512
  35   0.027872
  34    0.02867
  35   0.028126
  33   0.029428
  34   0.028965
  33    0.02989
  32   0.030548
  33   0.029995
  32   0.030387
  32   0.030986
  31   0.031325
  29   0.034387
  34   0.028894
  30    0.03325
  30   0.032818
  30   0.033028
  30    0.03311
  30   0.033103
  30   0.033183
  30   0.032985
  30   0.033134
  30   0.032869
  30   0.033325
  30   0.033209
  30    0.03288
  30   0.033158
  15   0.065924
  29   0.033372
  29   0.033548
  29   0.034155
  32   0.030568
  16   0.060199
  29   0.033677
  39   0.025343
  70   0.014149
  68   0.014658
  88   0.011245
 123   0.008117
 296   0.003372
 435   0.002294
 622   0.001607
 545   0.001833
 643   0.001553
 480   0.002081
 622   0.001606
 641   0.001559
 639   0.001563
 654   0.001529
 525   0.001904
 612   0.001632
 603   0.001656
 711   0.001406
 598    0.00167
 510   0.001957
 674   0.001483
 618   0.001616
 305   0.003278
 254   0.003935
 268   0.003719
 151   0.006583
 274   0.003637
 200   0.004979
 163   0.006103
 167   0.005967
 164   0.006068
 144   0.006921
 131   0.007587
 139   0.007145
 126   0.007896
 119   0.008367
 120   0.008273
 110    0.00904
 100   0.009919
 115   0.008674
  95   0.010468
 105   0.009513
 100   0.009958
  89   0.011154
  85   0.011674
  89   0.011211
  80    0.01238
  80   0.012439
  81   0.012246
  74    0.01336
  72   0.013807
  76   0.013061
  71   0.013937
  69    0.01444
  69   0.014357
  66   0.015074
  61   0.016194
  68   0.014669
  65   0.015382
  63   0.015856
  62   0.016073
  61   0.016273
  54   0.018214
  57   0.017429
  57   0.017333
  56   0.017767
  54   0.018355
  53   0.018547
  51   0.019517
  52   0.018902
  50   0.019778
  49   0.020005
  49   0.020142
  50   0.019721
  43   0.022892
  48    0.02065
  45   0.021991
  44   0.022681
  44   0.022663
  45   0.022117
  44   0.022713
  42   0.023321
  42   0.023265
  40   0.024976
  42   0.023581
  41   0.024243
  39   0.025007
  39   0.025505
  38   0.026303
  38   0.025869
  38   0.026144
  38   0.026083
  36   0.027114
  37   0.026952
  37   0.026893
  35   0.028038
  33    0.02958
  37   0.026487
  33   0.029536
  11   0.087672
  33   0.029959
  30   0.033131
  35   0.027812
  31   0.032059
  16   0.061539
  31   0.032125
  31   0.032129
  31     0.0321
  30   0.033128
  28   0.034671
  29   0.033674
  15   0.066059
  29   0.033337
  30   0.033004
  29   0.033703
  30   0.032826
  29   0.033511
  30   0.033165
  30   0.033322
  29   0.033672
  29   0.033598
  15   0.065731
  33   0.029934
  36   0.027369
  49   0.020274
  56   0.017578
  69   0.014415
  98   0.010189
 145   0.006862
 215   0.004637
 550   0.001817
 533   0.001873
 626   0.001596
 634   0.001576
 709    0.00141
 681   0.001467
 703   0.001421
 663   0.001508
 785   0.001273
 708   0.001411
 719   0.001389
 464   0.002155
 427   0.002341
 248   0.004028
 247   0.004043
 224   0.004463
 196   0.005093
 201    0.00497
 207   0.004809
 170   0.005865
 156   0.006376
 155   0.006417
 142   0.007037
 145    0.00687
 142   0.007018
 129    0.00774
 122   0.008181
 119   0.008352
 106   0.009393
 106   0.009381
 111   0.008975
  95   0.010428
  96   0.010339
  98   0.010172
  86    0.01159
  92   0.010846
  88   0.011327
  83   0.011992
  83   0.011925
  81   0.012314
  74   0.013494
  77   0.012883
  76   0.013043
  72   0.013885
  72   0.013704
  70   0.014163
  68   0.014696
  65   0.015166
  66   0.015104
  63   0.015784
  60    0.01666
  63   0.015801
  60    0.01656
  58   0.017181
  58   0.017003
  57   0.017513
  55   0.018134
  55   0.018178
  55   0.018012
  51   0.019295
  51   0.019281
  51   0.019529
  48   0.020669
  50       0.02
  48   0.020493
  45   0.021862
  45   0.021935
  47   0.021057
  44   0.022416
  44   0.022664
  45   0.021783
  43   0.023241
  43   0.023162
  42   0.023316
  41   0.024116
  39   0.025064
  40   0.024748
  39   0.025506
  38   0.025699
  39   0.025139
  37   0.026561
  38   0.025824
  37   0.026846
  37   0.026758
  34   0.028588
  36   0.027361
  17   0.056634
  35   0.028184
  34   0.029114
  34   0.028813
  34   0.029061
  33   0.030166
  32   0.030828
  31   0.031288
  16    0.06119
  32   0.031045
  31   0.031582
  31   0.032208
  31   0.032075
  30    0.03309
  29   0.034116
  12   0.078303
  30   0.033297
  30   0.033001
  30   0.033031
  29   0.033475
  29   0.033827
  15   0.065653
  30   0.033302
  30   0.033272
  30   0.032895
  29   0.033471
  29   0.033781
  29   0.033831
  15   0.065981
  33   0.030275
  36   0.027311
  43    0.02312
  50   0.019909
  55    0.01797
  66    0.01506
  98   0.010121
  89   0.011161
  89   0.011193
  91     0.0109
  82   0.012119
  82   0.012066
  82   0.012142
  75   0.013314
  76   0.013124
  75   0.013165
  71   0.014026
  70   0.014167
  70   0.014276
  66   0.015101
  66   0.015008
  66   0.015116
  67   0.014814
  59   0.016929
  59    0.01694
  61   0.016147
  57   0.017387
  57   0.017303
  59   0.016908
  55   0.018085
  55   0.018164
  53   0.018803
  51   0.019473
  51   0.019366
  53   0.018792
  49   0.020153
  49   0.020091
  48   0.020668
  44   0.022398
  49   0.020393
  46   0.021497
  45   0.021913
  44   0.022618
  45    0.02199
  43   0.023035
  43   0.022994
  43   0.023097
  41   0.024279
  39   0.025148
  40   0.024513
  39   0.025243
  38   0.025744
  38   0.025898
  38   0.025851
  37   0.026614
  38   0.026046
  36   0.027479
  37   0.027026
  36   0.027719
  34   0.028983
  17   0.056233
  34    0.02886
  34   0.028982
  33   0.029746
  33   0.029935
  32   0.030414
  31   0.031826
  31   0.031863
  32   0.030928
  31   0.031274
  31   0.031804
  31   0.032006
  31   0.032028
  29   0.034366
  30   0.033195
  30   0.033043
  30   0.033276
  29   0.033392
  30   0.033007
  30   0.033316
  30   0.032986
  29   0.034041
  29   0.034253
  29   0.033578
  29   0.033649
  30   0.033069
  30    0.03311
  30   0.033252
  29   0.033881
  29   0.033708
  15   0.065835
  33   0.030119
  36   0.027302
  42   0.023273
  48    0.02055
  60   0.016664
  57   0.017336
  56   0.017644
  54   0.018449
  54   0.018252
  54   0.018267
  52   0.018881
  50   0.019714
  52   0.019016
  49   0.020403
  50    0.01972
  50   0.019832
  47    0.02106
  47   0.020881
  46   0.021363
  44   0.022693
  44   0.022501
  43   0.023147
  43   0.022919
  43   0.023181
  43   0.022749
  39   0.025002
  41   0.023964
  41   0.024181
  39   0.025024
  38   0.026265
  38   0.026255
  38   0.026294
  38   0.026225
  37   0.026459
  37   0.026806
  36   0.027204
  36   0.027305
  35   0.028529
  34   0.028905
  34   0.028591
  17   0.056797
  34   0.029257
  33   0.029453
  33   0.030139
  33   0.030106
  33   0.030238
  31   0.031305
  31   0.031358
  15    0.06313
  22   0.044386
  30   0.033049
  30   0.033232
  29   0.033839
  29   0.033989
  15   0.065995
  33   0.029872
  36   0.027502
  43   0.023036
  49   0.020015
  59   0.016887
  72   0.013706
  94   0.010614
 138   0.007215
 224   0.004462
 227   0.004404
 272   0.003672
 196   0.005089
 187   0.005347
 176   0.005652
 179   0.005564
 153   0.006509
 164    0.00608
 146   0.006816
 142   0.007012
 137   0.007277
 122   0.008152
 114   0.008764
 124   0.008023
 104   0.009524
 110   0.009071
 111   0.008992
 100    0.00992
  99   0.010082
  98   0.010103
  92   0.010782
  90   0.011107
  88   0.011301
  84   0.011839
  81   0.012257
  80   0.012353
  79   0.012619
  71   0.014048
  75   0.013224
  75   0.013177
  70   0.014208
  71   0.013975
  69    0.01433
  64   0.015549
  66   0.015085
  65   0.015358
  63    0.01578
  61   0.016284
  61   0.016142
  58   0.017049
  58   0.017194
  59   0.016874
  54   0.018238
  54   0.018452
  54   0.018393
  50    0.01977
  50   0.019953
  51   0.019368
  49   0.020218
  49    0.02034
  51   0.019592
  46    0.02133
  47   0.021013
  47   0.021204
  45   0.021872
  43   0.022881
  44   0.022553
  42   0.023635
  42   0.023697
  42   0.023381
  41   0.024056
  40   0.024678
  41   0.024178
  39   0.025105
  40   0.024918
  39   0.025174
  37   0.026939
  38   0.026257
  37   0.026457
  37    0.02678
  36   0.027054
  37   0.026873
  36   0.027268
  35   0.028014
  35   0.027986
  33   0.029544
  33   0.029429
  17   0.057692
  33   0.030089
  32   0.030322
  33   0.030058
  31   0.031657
  31   0.031798
  31   0.032175
  15   0.063808
  31   0.031846
  30    0.03305
  30   0.033007
  30    0.03291
  29   0.034291
  29   0.033979
  15   0.065518
  30   0.032848
  29   0.033389
  30   0.032723
  30   0.033146
  29   0.033808
  29   0.033712
  15   0.065548
  30   0.033006
  29    0.03336
  29   0.033739
  29    0.03403
  15   0.065931
  33   0.029945
  36   0.027144
  42   0.023439
  49   0.020321
  59   0.016861
  70   0.014243
  98   0.010142
 135   0.007392
 207   0.004828
 404   0.002471
 632   0.001582
 663   0.001507
 462   0.002164
 636   0.001572
 751    0.00133
 665   0.001502
 611   0.001635
 713   0.001401
 593   0.001684
 226   0.004412
 250   0.003998
 253   0.003943
 181   0.005517
 196    0.00508
 210   0.004758
 162   0.006135
 172   0.005812
 166   0.006001
 140   0.007139
 144   0.006912
 139   0.007193
 123   0.008067
 127   0.007838
 121   0.008264
 109     0.0091
 109   0.009155
 110   0.009067
 103   0.009659
 100   0.009947
 101   0.009819
  89   0.011147
  90   0.011006
  89   0.011195
  82   0.012098
  82   0.012131
  83    0.01195
  77   0.012932
  73   0.013626
  71   0.013947
  33   0.030015
 137   0.007249
  40   0.024794
 441   0.002267
  52   0.019165
 251   0.003975
  65   0.015167
  56    0.01782
  68   0.014553
  59   0.016803
  62   0.016093
  28   0.035168
 271   0.003683
  72   0.013721
  52   0.019151
  52   0.019182
  45   0.022134
  58   0.017031
  49   0.020016
  49   0.020065
  49   0.020065
  50   0.019872
   9   0.101226
 272   0.003672
 404   0.002474
 267    0.00374
 168    0.00592
  61   0.016314
  43   0.022982
  21    0.04653
  39   0.025049
  42   0.023578
  20   0.048779
  39   0.025268
  19   0.051219
  38    0.02611
  36   0.027772
  36   0.027705
  37   0.026399
  35   0.028412
  35   0.027986
  35   0.028236
  34   0.029304
  32   0.030711
  17   0.057736
  23   0.042214
  32   0.030946
  31   0.031302
  32   0.031051
  30    0.03226
  30   0.032673
  31   0.032233
  15   0.066179
  21   0.046121
  30   0.032861
  30    0.03297
  29   0.033813
  30   0.033106
  29   0.033972
  15   0.066374
  33   0.030177
  37   0.026798
  42   0.023501
  49   0.020355
  57   0.017442
  57   0.017296
  56   0.017637
  43   0.023107
  76   0.013089
  54   0.018492
  51   0.019375
  50   0.019967
  51   0.019233
  50   0.019924
  49   0.020107
  48   0.020496
  45   0.022007
  46   0.021482
  45   0.021767
  22   0.044638
 166   0.006005
  39   0.025238
  70   0.014188
  38   0.025798
  48   0.020745
  40   0.024884
  34   0.028922
  49   0.020379
  39   0.025396
  32    0.03124
  50   0.019808
  38   0.025779
  37   0.026988
  38   0.025883
  36   0.027289
  37   0.026436
  36   0.027057
  34   0.029167
  34   0.028675
  17   0.056835
  34   0.028874
  34   0.028982
  32   0.030381
   3   0.266361
  57   0.017494
 259   0.003855
 360   0.002775
 208     0.0048
 245   0.004075
 367   0.002724
 358   0.002789
 430   0.002323
 446   0.002242
 194   0.005133
 295   0.003379
  11   0.085835
 350   0.002852
 347   0.002876
 123   0.008069
 207   0.004808
 493   0.002025
 544   0.001838
 141   0.007059
 337   0.002961
 468   0.002133
 361   0.002768
 147   0.006764
 308   0.003245
 358   0.002788
 456   0.002189
 429   0.002328
 294   0.003397
 455   0.002194
 345   0.002893
 413    0.00242
 412   0.002426
 444   0.002249
 355   0.002811
 262   0.003815
 395   0.002526
 264   0.003777
 417   0.002398
 309   0.003232
 407   0.002451
 343   0.002913
 300   0.003325
 417   0.002395
 429   0.002327
 341   0.002925
 319   0.003129
 253   0.003951
 357   0.002796
 380   0.002626
 301   0.003321
 300   0.003324
 242   0.004118
 280   0.003563
 169   0.005909
 341   0.002927
 302   0.003309
 233   0.004278
 312   0.003205
 443   0.002257
 324   0.003086
 315   0.003171
 308   0.003238
 388   0.002574
 321   0.003107
 411   0.002428
 293   0.003402
 322   0.003099
 265   0.003765
 123   0.008125
 186   0.005375
 416   0.002399
 335   0.002979
 476     0.0021
 466   0.002143
 285   0.003508
 432   0.002314
 416   0.002399
 232   0.004292
 474   0.002108
 473    0.00211
 299   0.003341
 373   0.002676
 374   0.002668
 296    0.00337
 457   0.002186
 482   0.002074
 139   0.007153
 355   0.002814
 420   0.002376
 444   0.002252
 473   0.002111
 358   0.002788
 411   0.002432
 429   0.002331
 410   0.002436
 390   0.002564
 324   0.003078
 284   0.003512
 423   0.002364
 414   0.002413
 390   0.002562
 384   0.002598
 421   0.002371
 468   0.002134
 334   0.002992
 281   0.003556
 274   0.003645
 389   0.002565
 365   0.002734
 287   0.003479
 431   0.002317
 246   0.004054
 385   0.002592
 333   0.003001
 455   0.002194
 345   0.002892
 261   0.003824
 359   0.002785
 376   0.002655
 346   0.002882
 167    0.00598
 303    0.00329
 474   0.002108
 447   0.002237
 471   0.002122
 471   0.002123
 333      0.003
 295   0.003379
 353   0.002828
 368   0.002714
 492   0.002032
 441   0.002267
 141   0.007092
 186   0.005373
 311   0.003214
 161   0.006178
 448   0.002231
 471   0.002122
 400   0.002495
 525   0.001902
 496   0.002016
 152   0.006573
 448   0.002231
 398   0.002511
 505   0.001978
 488   0.002049
 499   0.002004
 284   0.003521
 296   0.003369
 312   0.003195
 494   0.002021
 492   0.002031
 502   0.001989
 228   0.004375
 422   0.002367
 320   0.003125
 478   0.002092
 479   0.002087
 490   0.002039
 274   0.003643
 155    0.00642
 503   0.001986
 473    0.00211
 489   0.002041
 242   0.004123
 373   0.002676
 315   0.003168
 343   0.002915
 334   0.002989
 144   0.006905
 356   0.002807
 434   0.002304
 490   0.002038
 497    0.00201
 410   0.002435
 403   0.002479
 473    0.00211
 359   0.002784
 468   0.002135
 420   0.002376
 491   0.002034
 463   0.002158
 348   0.002872
 484   0.002065
 345   0.002894
 439   0.002277
 423   0.002362
 312   0.003199
 486   0.002054
 358   0.002789
 308    0.00324
 368   0.002716
 441   0.002264
 353   0.002825
 494   0.002023
 199   0.005018
 333      0.003
 473   0.002113
 218   0.004581
 483   0.002067
 195   0.005127
 386   0.002584
 487   0.002052
 500   0.001997
 483   0.002068
 484   0.002065
 310    0.00322
 397   0.002514
 477   0.002095
 436   0.002292
 417   0.002394
 473   0.002111
 511   0.001956
 209    0.00478
 309   0.003232
 471   0.002121
 464   0.002155
 499   0.002001
 464   0.002154
 260   0.003837
 225   0.004426
 188   0.005307
 502   0.001992
 326   0.003062
 190   0.005255
 463   0.002158
 360   0.002773
 477   0.002096
 493   0.002026
 231   0.004319
 431   0.002315
 414   0.002412
 305   0.003278
 480   0.002082
 496   0.002015
 434   0.002301
 231   0.004312
 216   0.004625
 554   0.001802
 504   0.001984
 126   0.007896
 319   0.003128
 424   0.002353
 471   0.002121
 408   0.002447
 195    0.00512
 480    0.00208
 408   0.002447
 459   0.002177
 442   0.002262
 334   0.002994
 500   0.001999
 251   0.003974
 405   0.002466
 481   0.002075
 490   0.002038
 357   0.002797
 290   0.003446
 343   0.002908
 254   0.003922
 481   0.002077
 208   0.004787
 573   0.001745
 398   0.002507
 468   0.002134
 488   0.002048
 471   0.002122
 454   0.002202
 405   0.002467
 226   0.004422
 246   0.004057
 446   0.002239
 393    0.00254
 245   0.004074
 556   0.001796
 288    0.00347
 327   0.003051
 207   0.004818
 477   0.002095
 438   0.002283
 447   0.002235
 411    0.00243
 379   0.002637
 535   0.001867
 486   0.002055
 345   0.002896
 479   0.002085
 506   0.001974
 196    0.00509
 398    0.00251
 283   0.003523
 419   0.002384
 467   0.002139
 365   0.002736
 482   0.002074
 467   0.002137
 463   0.002158
 362   0.002762
 394   0.002534
 460   0.002171
 407   0.002453
 429   0.002331
 347   0.002874
 418   0.002388
 364   0.002745
 501   0.001995
 476     0.0021
 271   0.003686
 120   0.008268
 133   0.007469
 174   0.005747
 266   0.003748
 466   0.002143
 471   0.002122
 209   0.004764
 312   0.003196
 474   0.002108
 479   0.002087
 485   0.002061
 417   0.002396
 192    0.00519
 361   0.002768
 471   0.002122
 460   0.002171
 468   0.002133
 453   0.002204
 211    0.00472
 449   0.002226
 440   0.002269
 504   0.001983
 465   0.002149
 237   0.004214
 124   0.008029
 110   0.009031
  98   0.010107
 107   0.009285
  28   0.035301
 205   0.004869
 146   0.006829
 175   0.005686
 276   0.003618
 282   0.003536
 285     0.0035
 141    0.00707
 195   0.005105
 265   0.003768
 265   0.003771
 186   0.005376
 110   0.009082
  68   0.014662
 305    0.00327
 268   0.003729
 343   0.002914
 305   0.003278
 357   0.002801
 255   0.003911
 141   0.007046
 130   0.007683
 189   0.005277
  34    0.02864
   9   0.101117
 145   0.006887
 234   0.004257
 316   0.003164
 426   0.002342
 447   0.002236
 511   0.001956
 448    0.00223
 514   0.001944
 506   0.001975
 511   0.001955
 393   0.002541
 333   0.002999
 423   0.002362
 500   0.001998
 529   0.001888
 472   0.002116
 390   0.002561
 170   0.005877
 389   0.002568
 456   0.002189
 446   0.002239
 478   0.002092
 242    0.00412
 239   0.004173
 255   0.003917
 489   0.002042
 330   0.003024
 139   0.007184
 342   0.002921
 493   0.002025
 460   0.002172
 448   0.002232
 493   0.002028
 156   0.006386
 174    0.00574
 198   0.005047
 277   0.003604
 285   0.003506
 308   0.003241
 302   0.003311
 490   0.002037
 220   0.004542
 315   0.003172
 470   0.002126
 450    0.00222
 473   0.002111
 514   0.001942
 507   0.001969
 201   0.004972
 397   0.002516
 423   0.002361
 384   0.002599
 469   0.002128
 160   0.006231
 434   0.002301
 473   0.002111
 483   0.002068
 487   0.002051
 502   0.001991
 486   0.002055
 204   0.004895
 421   0.002373
 467   0.002138
 461   0.002168
 500   0.001997
 430   0.002323
 321   0.003106
 323   0.003091
 406   0.002458
 489   0.002041
 495   0.002018
 454     0.0022
 480    0.00208
 333   0.003002
 375   0.002661
 396   0.002525
 443   0.002257
 477   0.002093
 469    0.00213
 499   0.002004
 280   0.003564
 415   0.002405
 451   0.002217
 358    0.00279
 492    0.00203
 509   0.001962
 470   0.002127
 388   0.002574
 413   0.002418
 404   0.002471
 443   0.002254
 473   0.002112
 453   0.002205
 500   0.001997
 356   0.002806
 340   0.002939
 403   0.002479
 448    0.00223
 512   0.001953
 511   0.001954
 512   0.001951
 377   0.002652
 410   0.002435
 208   0.004789
 472   0.002116
 366   0.002725
 490   0.002039
 216   0.004609
 363    0.00275
 479   0.002087
 465   0.002149
 467   0.002141
 475   0.002103
 292   0.003417
 365   0.002736
 349   0.002861
 464   0.002154
 504   0.001983
 498   0.002007
 509   0.001961
 297   0.003356
 282   0.003539
 457   0.002188
 356   0.002806
 522   0.001913
 498   0.002005
 313   0.003187
 214   0.004657
 332   0.003012
 385   0.002593
 309   0.003235
 321   0.003109
 446    0.00224
 323   0.003088
 409   0.002444
 466   0.002142
 514   0.001945
 499   0.002002
 341    0.00293
 412   0.002425
 499   0.002003
 450   0.002222
 413   0.002419
 488   0.002048
 509   0.001962
 190   0.005255
 395   0.002528
 449   0.002223
 501   0.001995
 504   0.001984
 381   0.002624
 191   0.005213
 415   0.002405
 349   0.002862
 438   0.002281
 476   0.002097
 340   0.002935
 170    0.00586
 346   0.002889
 454   0.002201
 488   0.002048
 451   0.002214
 200   0.004988
 440   0.002268
 478   0.002088
 474   0.002107
 457   0.002186
 457   0.002185
 493   0.002027
 444   0.002248
 382   0.002617
 484   0.002065
 436   0.002292
 322   0.003099
 498   0.002005
 503   0.001987
 217   0.004598
 409   0.002442
 464   0.002151
 506   0.001976
 444   0.002249
 390   0.002558
 203   0.004926
 398   0.002508
 479   0.002085
 503   0.001985
 506   0.001973
 460    0.00217
 461   0.002166
 361   0.002769
 429   0.002331
 490   0.002038
 443   0.002254
 432   0.002314
 193   0.005174
 313   0.003191
 477   0.002096
 454   0.002201
 393   0.002543
 424   0.002358
 465    0.00215
 499      0.002
 267   0.003732
 406   0.002461
 421    0.00237
 494   0.002022
 508   0.001966
 499   0.002001
 478    0.00209
 506   0.001976
 388   0.002573
 449   0.002225
 419   0.002383
 465   0.002146
 520   0.001921
 523   0.001909
 220   0.004538
 382   0.002612
 488   0.002049
 418   0.002392
 475   0.002101
 484   0.002062
 387   0.002581
 128    0.00776
 215   0.004637
 377   0.002651
 176   0.005671
 144   0.006917
 252   0.003958
 283   0.003525
 394   0.002534
 425   0.002348
 430   0.002321
 467   0.002139
 488   0.002048
 395   0.002528
 423    0.00236
 406   0.002461
 434   0.002303
 384   0.002599
 476   0.002098
 373   0.002677
 524   0.001905
 315   0.003168
 405   0.002464
 413   0.002417
 306   0.003261
 467   0.002141
 490   0.002037
 205   0.004872
 386    0.00259
 449   0.002225
 498   0.002006
 463   0.002158
 444   0.002248
 493   0.002025
 222   0.004489
 314   0.003178
 490   0.002039
 469   0.002131
 405   0.002464
 480   0.002083
 304   0.003286
 426   0.002343
 424   0.002358
 495   0.002018
 279   0.003576
 382   0.002613
 298   0.003346
 263   0.003798
 455   0.002194
 397   0.002517
 403   0.002478
 432   0.002314
 360   0.002771
 391   0.002553
 454     0.0022
 469   0.002131
 448    0.00223
 445   0.002244
 312   0.003203
 340   0.002941
 341   0.002924
 341    0.00293
 289   0.003451
 469    0.00213
 171   0.005835
 403   0.002479
 483   0.002069
 492   0.002029
 481   0.002079
 381   0.002624
 187   0.005339
 398   0.002512
 142   0.007042
 546    0.00183
 199   0.005015
 290   0.003444
 267    0.00374
 481   0.002078
 497   0.002011
 192   0.005198
 404   0.002475
 479   0.002085
 475   0.002104
 469   0.002131
 398   0.002512
 336   0.002973
 236   0.004229
 255   0.003909
 339   0.002945
 316   0.003162
 385   0.002592
 335   0.002983
 411   0.002428
 428   0.002333
 464   0.002153
 456    0.00219
 436    0.00229
 311   0.003215
 306   0.003262
 432    0.00231
 430   0.002321
 374   0.002668
